4294967294,131
4294967294,130
4294967294,129
4294967294,128
4294967294,127
4294967294,126
4294967294,125
4294967294,124
4294967294,123
4294967294,122
4294967294,121
4294967294,120
4294967294,119
4294967294,118
4294967294,117
4294967294,116
4294967294,115
4294967294,114
4294967294,113
4294967294,112
4294967294,111
4294967294,110
4294967294,109
4294967294,108
4294967294,107
4294967294,106
4294967294,105
4294967294,104
4294967294,103
4294967294,102
4294967294,101
4294967294,100
4294967294,99
4294967294,98
4294967294,97
4294967294,96
4294967294,95
4294967294,94
4294967294,93
4294967294,92
4294967294,91
4294967294,90
4294967294,89
4294967294,88
4294967294,87
4294967294,86
4294967294,85
4294967294,84
4294967294,83
4294967294,82
4294967294,81
4294967294,80
4294967294,79
4294967294,78
4294967294,77
4294967294,76
4294967294,75
4294967294,74
4294967294,73
4294967294,72
4294967294,71
4294967294,70
4294967294,69
4294967294,68
4294967294,67
4294967294,66
4294967294,65
4294967294,64
4294967294,63
4294967294,62
4294967294,61
4294967294,60
4294967294,59
4294967294,58
4294967294,57
4294967294,56
4294967294,55
4294967294,54
4294967294,53
4294967294,52
4294967294,51
4294967294,50
4294967294,49
4294967294,48
4294967294,47
4294967294,46
4294967294,45
4294967294,44
4294967294,43
4294967294,42
4294967294,41
4294967294,40
4294967294,39
4294967294,38
4294967294,37
4294967294,36
4294967294,35
4294967294,34
4294967294,33
4294967294,32
4294967294,31
4294967294,30
4294967294,29
4294967294,28
4294967294,27
4294967294,26
4294967294,25
4294967294,24
4294967294,23
4294967294,22
4294967294,21
4294967294,20
4294967294,19
4294967294,18
4294967294,17
4294967294,16
4294967294,15
4294967294,14
4294967294,13
4294967294,12
4294967294,11
4294967294,10
4294967294,9
4294967294,8
4294967294,7
4294967294,6
4294967294,5
4294967294,4
4294967294,3
4294967294,2
4294967294,0
454,0
453,0
452,0
451,0
450,0
447,0
442,0
594,0
431,0
430,0
421,0
416,0
415,0
414,0
407,0
406,0
402,0
397,0
383,0
607,0
358,0
357,0
356,0
352,0
351,0
350,0
334,0
333,0
326,0
423,0
425,0
308,0
307,0
291,0
602,0
4805,0
4804,0
4803,0
4802,0
4892,0
4891,0
5809,0
0,483
4801,0
4800,0
4799,0
4798,0
4797,0
4796,0
4795,0
4794,0
4793,0
4792,0
4791,0
4790,0
4789,0
4788,0
4787,0
4786,0
4785,0
4784,0
4783,0
4782,0
4781,0
4780,0
4779,0
4778,0
4777,0
4776,0
4775,0
4774,0
4773,0
4772,0
4771,0
4770,0
4769,0
4768,0
4767,0
4893,0
0,477
4760,0
4759,0
4766,0
4765,0
4764,0
4763,0
4762,0
4758,0
4757,0
4756,0
4755,0
4754,0
4753,0
4752,0
4751,0
4750,0
4749,0
4748,0
4747,0
4746,0
4745,0
4744,0
4743,0
4738,0
4742,0
4741,0
4740,0
4739,0
4737,0
4736,0
4735,0
4734,0
4733,0
4732,0
4731,0
4730,0
0,473
0,308
0,304
0,419
0,303
0,552
0,12
0,548
0,10
0,471
0,8
0,0
0,445
0,394
0,300
0,444
0,462
0,299
0,582
0,370
0,298
0,470
0,334
0,297
0,536
0,418
0,296
0,348
0,393
0,295
0,626
0,416
0,294
0,337
0,585
0,293
0,414
0,528
0,292
0,527
0,557
0,291
0,572
0,413
0,290
0,469
0,522
0,289
0,347
0,534
0,288
0,410
0,589
0,287
0,509
0,520
0,286
0,608
0,502
0,285
0,332
0,330
0,284
0,633
0,362
0,283
0,525
0,441
0,282
0,499
0,421
0,281
0,524
0,390
0,280
0,498
0,346
0,279
0,439
0,578
0,278
0,533
0,599
0,277
0,570
0,597
0,276
0,612
0,359
0,275
0,345
0,274
0,329
0,602
0,273
0,465
0,593
0,272
0,438
0,380
0,271
0,411
0,358
0,270
0,402
0,622
0,269
0,497
0,356
0,268
0,539
0,460
0,267
0,354
0,266
0,625
0,637
0,265
0,437
0,583
0,264
0,351
0,263
0,628
0,401
0,262
0,569
0,400
0,261
0,624
0,530
0,260
0,567
0,571
0,259
0,463
0,580
0,258
0,495
0,600
0,257
0,399
0,256
0,551
0,514
0,255
0,508
0,254
0,397
0,323
0,253
0,560
0,426
0,252
0,507
0,484
0,251
0,620
0,501
0,250
0,430
0,521
0,249
0,493
0,621
0,248
0,559
0,247
0,344
0,617
0,246
0,601
0,342
0,245
0,367
0,409
0,244
0,613
0,429
0,242
0,343
0,598
0,241
0,619
0,526
0,240
0,555
0,595
466,0
337,0
640,0
467,0
469,0
474,0
481,0
488,0
641,0
497,0
506,0
528,0
543,0
548,0
562,0
566,0
599,0
609,0
374,0
580,0
581,0
583,0
585,0
588,0
593,0
4806,0
4807,0
4808,0
4810,0
4811,0
4813,0
4816,0
4817,0
4814,0
4819,0
4821,0
4823,0
4824,0
4826,0
4827,0
4829,0
4830,0
4832,0
4834,0
4838,0
4840,0
4841,0
4894,0
5647,0
4843,0
4845,0
4846,0
4848,0
4850,0
4851,0
4853,0
4854,0
4856,0
4857,0
4859,0
4861,0
4862,0
4864,0
4865,0
4867,0
4869,0
4870,0
4872,0
4873,0
4875,0
4876,0
4886,0
4887,0
4878,0
4880,0
4881,0
5649,0
5651,0
5652,0
5654,0
5655,0
5658,0
5659,0
5656,0
5662,0
5663,0
5665,0
5666,0
5668,0
5670,0
5671,0
5673,0
5674,0
5676,0
5681,0
5682,0
5684,0
5677,0
5810,0
5685,0
5687,0
5689,0
5690,0
5692,0
5693,0
5695,0
5697,0
5698,0
5700,0
5701,0
5703,0
5704,0
5706,0
5708,0
5709,0
5711,0
5712,0
5714,0
5716,0
5717,0
5719,0
5813,0
5803,0
5720,0
5722,0
2,0
0,510
5130,0
5131,0
5133,0
5135,0
5136,0
5139,0
5140,0
5142,0
5138,0
5144,0
5146,0
5147,0
5149,0
5150,0
5152,0
5154,0
5155,0
5157,0
5158,0
5163,0
5165,0
5166,0
5160,0
5161,0
5168,0
5169,0
5171,0
5173,0
5174,0
5176,0
5177,0
5179,0
5181,0
5182,0
5184,0
5185,0
5187,0
5188,0
5190,0
5192,0
5193,0
5195,0
5196,0
5198,0
5200,0
5201,0
5203,0
5204,0
5724,0
5725,0
5727,0
5729,0
5730,0
5733,0
5734,0
5736,0
5737,0
5738,0
5740,0
5741,0
5743,0
5745,0
5746,0
5748,0
5749,0
5751,0
5752,0
5757,0
5759,0
5760,0
5754,0
5755,0
5762,0
5764,0
5765,0
5767,0
5768,0
5770,0
5771,0
5773,0
5775,0
5776,0
5778,0
5779,0
5781,0
5783,0
5784,0
5786,0
5787,0
5789,0
5790,0
5792,0
0,515
0,537
0,545
0,631
0,636
1,1
1,4
1,5
2,3
2,27
2,77
2,83
2,84
2,85
2,81
2,24
2,1
1,3
0,635
0,623
0,531
0,512
0,511
0,506
0,505
0,500
0,496
0,494
0,492
0,491
0,490
0,489
0,488
0,482
0,480
0,479
0,478
0,476
0,472
0,467
0,466
0,464
0,461
0,458
0,455
0,454
0,452
0,449
0,448
0,447
0,442
0,440
0,436
0,435
0,433
0,432
0,431
0,428
0,425
0,422
0,420
0,417
0,415
0,412
0,408
0,406
0,405
0,404
0,403
0,398
0,388
0,378
0,357
0,352
0,350
0,322
0,320
0,318
0,317
0,310
0,307
0,305
0,302
0,243
0,9
5794,0
5795,0
5797,0
5798,0
0,407
0,443
0,446
0,389
0,387
0,434
5799,0
5796,0
5793,0
5791,0
5788,0
5785,0
5782,0
5780,0
5777,0
5774,0
5772,0
5769,0
5766,0
5763,0
5761,0
5753,0
5758,0
5756,0
5750,0
5747,0
5744,0
5742,0
5739,0
5732,0
5735,0
5731,0
5728,0
5726,0
5205,0
5202,0
5199,0
5197,0
5194,0
5191,0
5189,0
5186,0
5183,0
5180,0
5178,0
5175,0
5172,0
5170,0
5167,0
5159,0
5164,0
5162,0
5156,0
5153,0
5151,0
5148,0
5145,0
5143,0
5141,0
5137,0
5134,0
5132,0
1,0
5723,0
5721,0
5802,0
5718,0
5715,0
5713,0
5710,0
5707,0
5705,0
5702,0
5699,0
5696,0
5694,0
5691,0
5688,0
5686,0
5678,0
5683,0
5680,0
5675,0
5672,0
5669,0
5667,0
5664,0
5661,0
5660,0
5657,0
5653,0
5650,0
5648,0
4879,0
4889,0
4877,0
4874,0
4871,0
4868,0
4866,0
4863,0
4860,0
4858,0
4855,0
4852,0
4849,0
4847,0
4844,0
4836,0
4842,0
4839,0
4833,0
4831,0
4828,0
4825,0
4822,0
4820,0
4818,0
4815,0
4812,0
4809,0
0,503
592,0
587,0
582,0
576,0
317,0
567,0
558,0
540,0
527,0
491,0
482,0
478,0
468,0
422,0
0,239
0,591
0,341
0,238
0,568
0,340
0,237
0,566
0,339
0,236
0,427
0,616
0,235
0,459
0,535
0,234
0,561
0,424
0,233
0,594
0,579
0,232
0,338
0,618
0,231
0,392
0,638
0,230
0,391
0,481
0,229
0,366
0,586
0,228
0,457
0,610
0,227
0,519
0,607
0,226
0,606
0,615
0,225
0,554
0,577
0,224
0,563
0,368
0,223
0,562
0,564
0,222
0,532
0,609
0,221
0,365
0,451
0,220
0,518
0,634
0,219
0,517
0,361
0,218
0,546
0,558
0,217
0,487
0,331
0,216
0,486
0,584
0,215
0,550
0,592
0,214
0,386
0,360
0,213
0,385
0,423
0,212
0,328
0,355
0,211
0,543
0,326
0,210
0,629
0,485
0,209
0,333
0,575
0,208
0,450
0,611
0,207
0,627
0,384
0,206
0,590
0,383
0,205
0,327
0,325
0,204
0,324
0,203
0,335
0,544
0,202
0,553
0,639
0,201
0,574
0,336
0,200
0,587
0,456
0,199
0,540
0,316
0,198
0,581
0,321
0,197
0,453
0,319
0,196
0,603
0,614
0,195
0,529
0,364
0,194
0,556
0,576
0,193
0,382
0,363
0,192
0,314
0,516
0,63
0,475
0,374
0,62
0,565
0,596
0,61
0,379
0,632
0,60
0,604
0,377
0,59
0,542
0,373
0,58
0,474
0,381
0,57
0,513
0,372
0,56
0,315
0,396
0,55
0,313
0,54
0,375
0,376
0,53
0,547
0,588
0,52
0,353
0,468
0,51
0,395
0,523
0,50
0,538
0,541
0,49
0,630
0,312
0,48
0,371
0,311
0,47
0,301
0,309
0,46
0,349
0,306
0,45
0,573
0,605
0,6
0,5
0,1
0,369
0,11
0,4
0,2
0,3
0,7
